0 1 2 3 4 5 6 7 8
9 10 11 12 13 14 3 15 16
7 8 17 18 19 20 21 4 11 12 22 7 23
24 25 26 27 28 29 24 30 31 32
33 34 35 36 37 38 39 33 40 41 38 42 43 44 45 46 47 48 0 49
50 33 40 51 52 53 44 45 54 47 48 55 56
57 38 58 59 60 61 62 63 38 58 33 40 64 65 66 67
47 68 69 33 70 71 72 73 74 75
76 77 78 25 79 80 81 82 83 84 85
86 87 88 89 6 90 91 92 93
94 95 82 84 85 84 96 97 98 99 100 101 102
103 104 105 106 107 80 108 109 110 111 112 113 114 83 25
115 116 117 118 119 120 80 113 121 122 123
124 125 86 126 127 128
129 91 130 131 90 132 133 97 134 135 136 137
86 91 130 138 131 139 140 141
105 142 143 91 144 145 86 146 121 147 148 149 150 151 152 153 154 155 85 156 152 157 158 144 90 159 160 133 86
161 162 163 131 164 146 165 166 135 86 167 168 133 169
80 105 170 171 172 173 174 175 176 81 177 178
83 116 101 179 87 68 80 105 180 84 85 86 170 181 182
183 184 185 186 187 188 189 190 184 191 192
184 108 193 194
195 196 197 198 199 197 200 201 202
183 197 198 199 201 203 204 205 206 201 207 207 208 209 210 211 212 213 211 214 215 215 209 203 203 215 192
216 217 218 219 220 221 184 185 222
223 224 37 225 226 227 228 229
37 230 231 222 232 233
234 235 236 237
238 239 232 240 241 242 240 243 244 245 246
247 248 249 250 251 102
252 65 253 254 255 256 257 258 259 260 261 199 262 121 263 264 199 262 265 266 222
267 268 269 37 270 218
271 272 273 274 275 267 276
277 278 279 280 281 41 282 283 117 284 285 286 287 288 289 290
291 292 199 293 294 236 184 295 296 297 298
65 299 300 301 302 303 291 252 137
304 291 305 306 300 40 307 308 309 310 311 312
233 227 217 313 314 145
311 312 219 220 233 276 315 102
233 316 317 318 319 188 320 321 322
323 306 324 325 65 301 326
327 233 218 328 187 329 218 187 330 218 187 331 187 243
332 333 334 227 335 336 337 218 338
250 339 288 340 341
342 343 344 345 346 177 237 347 290 348 349 350 27
351 352 353 320 354 355 356 357 356 358
359 360 361 362 363 352 339 218 361 291 237 364 237 365 366
367 368 369 370 191 354 362 371 372
373 167 342 346 177 347 290 190 184 191 374 102 375
173 376 271 272 377 162 363 225 226 378
173 379 380 37 381 382 383 384 37 385
386 387 388 118 389 194 390 391 392 393
233 394 233 395 396 397
188 320 340 71 398 317 398 399 400 102
137 401 187 402 403 404 405
406 407 401 408 409 410 219
411 412 320 371 320 413 414
415 416 417 401 408 418 102
419 420 421 422 423 424 425 260 426 102 41 427 428 429 274 430 388 420 392
392 421 424 422 431
421 432 433 434 435
436 170 174 422 429 422 437 438 426 439 438
270 440 441 37 442 443
254 444 399 445 403 267 446 338 382 267
371 68 25 145 447 267 448 25 449
450 247 451 452 453 25 454
453 25 267 25 455 102 456
457 458 459 137 460 57 461 6 462 463 464 465 346 466 467
354 468 469 320 102 470
468 191 471 469 472 354 473 470
97 474 26 309 278 475 476 477 478 479 480 481 482 477 483 465 484 485 132
469 354 320 486 487 43 488 489 490 472
491 208 484 234 492 346 347 355 346 493 494 268 495
371 217 218 240 102
496 497 498 274 102
499 291 236 331 500 501 226 500 502 236 474
137 340 225 17 503 236
26 504 407 37 504 270 6
267 505 291 506 505 507 508 373 509 252 311
291 227 510 232 95 233 257 511 407
227 512 291 506 95 463 303 291 5 37
259 291 513 514 433 515
219 220 516 137 259 517 332 518 236 519
373 291 520 227 521 522 262 523 524 306
342 525 145 526 527 236 528 442 529 530
531 224 532 303 53 533 534 535 536 537 208 536
491 208 484 234 492 346 347 355 346 493 494 268 495
538 342 525 539 540 379
238 57 484 539 541 354 460 542 57 540
543 544 545 542 546 95 445 440 547 548
373 549 550 374 551 236 484
137 342 340 552 321 553 321 554
137 373 465 346 539 555 556 137 557 558 233 559 560 561
240 382 232 562 501 563 270 564 217 218 565 321 232 566
567 341 568 569 463 570 270
571 572 573 574 575 576 236 450 576 236 577 385
576 578 579 580 233
173 137 174 581 114 582 70 583 584 33 585 379 70 586 57 587 6 588
262 589 121 590 223 591 592 593 594 595 596 270 597 598 598 599 600 194 262 601 602 603
604 279 605 606 296 607 596 33 608 33 609 610 611 612 594 613 614
615 616 617 618 5 619 615 620 621 622 623
624 625 626 627 628
45 629 630 173 236 631 632 633 634 635 236 129
33 636 539 637 638 181
636 639 640 641 137 642 429 171 643 68 644 645 646 342 642
429 343 642 139 647 648 636 97 647 636
649 50 113 650 651 42 652 653 654 655 656 657
247 658 659 17 660 661 367 106 662 266
663 664
665 666 667 668 300 669 670 671 672 673 236 674 236 675 676 596
668 50 677 675 678 679 680 158
293 87 681 465 47 41 682 683 67 87 199 662 684 685 686 121 687
87 47 688 291 689 669 690 65 102 614
691 692 196 87 662 682 683 67 6 693
694 695 283 696 697 698 699 700 701 582 518 695 702 190 703 704 705
706 117 118 707 291 173 609 361 708 709 696 710 711 712 709 441 713 714
715 117 716 717 47 718 695 477 293 87 719 720 477 465 721
707 722 640 723 724 645 707 725 726 727 728 729 730 731 419 732 643
733 734 735 736 734 737 738 739
194 735 239 244 740 741 598 742 743 584 494 744
17 745 746 154 608 137 192 745 746 303 747 303 154 740 6 17
262 748 71 43 659 701 582 749 270 17 687 750 751 752 753 754
146 755 17 756 757 17 758 757 535 291 759 760 406 761 762 763 764 726 765 102
590 329 723 766 767 768 769 382 291 770 771 772 773 306
291 227 301 541 252 774 303 301
775 227 776 777 522 262 778
227 341
227 779 780 781 782 306 780 783 779
784 785 786 102 787 788 789
227 521 790 791 792 291 326
784 788 780 793 794 795 796 708
797 786 798 304 775 227 256 227 799 322 102
227 799 800 498 567 801 802 802 102
68 340 6 227 521
775 227 530 803 463 804
236 805 806 522 262 137 807 291 463 270
291 95 371 522 262 808 807 102
809 501 522 262
291 227 810 37 6 811 812 813
814 332 815 371 816 817 818 819 807 820 821 501 816 822 551
823 824 825 37 371 137 194 306
233 826 775 227 256 827 828 530 829 830 831 832
833 834 227 236 828 415 291 227 835 137 836 833 837
838 839 227 840 85 841 842
814 332 815 843 775 227 256 844
845 846 847 814 541 173 848 194 849 850 851
852 853 291 137 129 854 643
855 167 291 848 856
33 17 857 858
26 859 860 861 862 863 6 283
373 864 66 865 505 848 866
240 867 596 577 567
868 869 870 871 761 539 546 872
332 815 873 874 489 291 171
875 876 332 219 877 878 879 880 881 882
883 761 884 885 123 886 761 762 887 888 889 890
891
775 892 893 850 894
880 895 896 897 898 899 342 299 900 901
902 902 903 904
173 865 905 737 194 906 546
907 137 342 465 908 909
910 911 332 912 913 820 766
914 43 915 306 726 916
373 917 918 919 236 766 26 766 870 131 920 921 916
922 923 906 924 925
17 660 661 367 106 662 225 226 227 228 229 265 266 232 460 634 926
173 927 928 929 291 930
484 173 931 932 933 374 102
291 934 935 6 936
371 291 225 560 856
937 938 939 822 939 940 941
270 942 943
373 291 944 945 793 446 946 793 762 303
449 379 947 948 949 950 60 951 952
953 12 954 955 956 957 958 959 960
955 514 961 962 963 306 964 965 966 967 930 968 603
969 970 29 24 30 31 102 30 833 971
530 971 972 973 974 530 530
538 975 450 976 977 257 978 24 979
980 26 981 102 982 543 983 980 984 30 102
985 768 986 987 988 989 990 991 992 993 268 989
994 995 996 997 998 999 501 1000 1001 137 1002 1003 1004
304 1005 937 1006 1004 1007 1004 971
1008 1009 1010 1011 1012 1013 1014 1015 230 331 31
1016 1017 199 1011 1018 1019 1020 1021 1022 1019 1023
1024 1025 1007 1026 1001 137 1002 1027 1004 1028
1029 1030 1031 1032 1033 53 1034 236 664
137 1002 1003 6 1006 102 257
137 1002 1035 1004 1036 137 326
1037 29 24 30 1038 174 137 137 27 102
1039 156 137 1040 1041 465 103 137 1042 1043 1044
24 518 1045 1046 84 1047 1048 1049 84 85 348 306
1050 274 1051 274 1052 886 137 1053 1054
1055 17 1056 1057 733 1058 1059 850 6 1060 1061 446 638
577 388 1062 1063 37 1059
434 733 1059 1059 1064
26 1065 1066 538
577 388 17 1018 1059 702 1067 371 733 236 1068 279 1062 1069 1070 1071 1069 1072 6 1073
1062 512 432 733 1074 463 1075 905
707 1076 197 89 1077 1078 1079 1077 1080 1081
327 132 1062 1082 17 236 1059 1083 1084 1085 1086 1087 1088
17 733 773 1089 1090 562 1059 1091 1092 1093
1060 1061 170 181 1094 733 1095 227 695 1058 117 1096 1097 1098
597 1058 332 1099 1100
733 341 363 1058
919 236 1101 733 274 1052 470 6 17 1102
17 577 420 1103 1104
733 227 1105 1106 1107 1108 327 214
1109 1110 733 1109 1111 1112 1109 1052 524 1113 1114 680 158
1115 875 1102 236 227 1116 733 17 236 919 236
1117 1060 1061 1015 733 236 875 1118 435 1119 6 1120 733 919 236 432
1121 1122 757 1123 888 1124 733 9 1125 651 733 227 1126 43 1127 1128 236 1129 1130 1131 1132
1133 1134 1135 1122 1136 1137 1138 1139 377 1140
733 137 340 498 1141 1142 227 383
1143 733 274 342 733 1144 919 236 1145
733 1095 327 1146 1127 1147 1128 236 1129 1148 25 1149 1150
1151 1152 644 1153 1154 1155 126 1156 1151 1157
1158 1159 761 762
120 1160 1161 1162 1163 1164 669 651 1165 1122 137 1166 1167
1168 733 236 1169 1158 1170 1171
733 757 1172 888 1173 1174 1175 1176 1177 1178 236
1142 1179 500 733 300 1180 1181 1178 1142 1182
1183 1184 733 1185 633 1186 1178 40 1187 1188 285
733 1144 1178 236 1189 733 1185 60 1178 1190 1191
1192 733 678 919 236 1178 236 68 1193 678
1192 1185 1194 1125 651 1195 1178 1196 888 1178 1018 647
1197 1198 1199 1200 695 1201 1202 1203 733
1204 1178 252 1205 733
1206 291 1207 358 1208 1209 102 373 291 1210
68 146 17 1211 1212 1213 1199 1200 1214 173 911
17 37 1199 1215 798 1216 1217 1218 17 1219
1178 1018 647 1220 733 1178 719 229 1096 662
1168 1142 1221 1178 1018 1193 89 1222 1223 1178 287 1142 1221 733 1224 286
17 1225 17 1018 1224 17 287 1224 1226 287
1227 1228 919 236 678 1229 212 1230 102
1231 232 1232 87 1233 1040 1234 1235 1236 1237 1238 1234 414 1239 291 137 1240 1241 1242 1243
304 331 1244 1245 1099 1246 1247 812 1245 1248 1249
1250 1251 1252 1234 327 1074 1253 1254 1255 1234 1244 902 812 5 6 120
1256 1257 1258 15 715 1259 1260 137 1234 6 1261
252 1251 1234 1262 1234 1244 1263 1263 1241 807 1264 137 137 137 1234 338 102
252 1265 957 87 1266 1267 1268 1269 1270 1271 1272 1273 1274 1234 338 582 1275 1276 1277 465 1278
1271 1273 8 1268 1269 1222 1279 790 1280 1234 286 171 777 465 1281 1268 1269 1234 1282
1283 1271 102 1284 1234 1282 1285
1283 1173 6 1286 1287 1288 1289
1283 1290 1291 1271 338 1292 1283 342 635 1234 1241
232 1293 1294 1295 373 1296 913
1234 1241 948 1297 1298 1244 262 743 1299 603 1300 1301 343 1234 1302
1303 1304 1305 1306 137 309 1307 137 1308 1309 678
301 1310 1311 1312 1313 1239 414 1314 183 65 777 1297 1278
1315 1099 42 1240 181 1307 1074
1257 1312 1316 1317 1318 1319 1320 1312 1255 1321 1322 1222 777 1323 181 777 1324 1307 286 174
1325 727 1326 1327 743 1173 1328 304 1329 1312 1330 1256 1257 1331 1307 1308 1309
1311 1307 1312 1234 1332 1235 1236 1239 1307 1241 1242 371 103 1333 1334 1048 1310
1310 1239 68 1335 1336 285 1337
1250 1338 1339 1289 1340 1341 1342 348 171 1278
1335 1278 465 465 1343 1344 1340 1341 1345 1250 1307
465 777 1346 1347 338 342 118 1328 465 1348 1349 171 1328 143 1350 1351 1352 1353
304 278 1354 278 1355 1356 1357 1358 102 1307 1241 1359 1360 1064
291 1357 1361 1317 1318 1362 338 465 137 465 1363 278 58
1314 1307 1312 1316 1307 1241 1364
1365 1366 1367 5 1368 137 1369 1307 1318 1319 1257 1297 1279 790
1234 1241 1317 1307 129
1320 1370 1267 465 1371 1287 1372 1373 1289 1374 1307
1375 806 1376 137 1377 1378
1379 1380 465 1381
1381 6 1382 1383 1384
103 1385 174 1386 1387 1388 1389 509 1390
1391 1129 1392 1149 1393 244 1394 1395 365 121 1396
875 1 1397 535 1398 1399 1400 1401
1402 1403
1404 1405 1406 1398 1407 556 1408 6
1409 1410 306 1411 1412 6 523
1413 886 1414 1415 1416 582 177 41 38 1417 212 152 1418 137 1241 1419 1420
210 1421 1422 1423 1424 1425 756 1426
207 1363 1427 1428 643 1429
1430 1431 1432 1433 1434 1435
666 1436 906 1437 1438 661 46 355 1439 1440 1441 1442 535 1443
1444 291 137 1445 291 1446 72 1444 1447 853 177 137 1448 120 1300 1449 1450 1424 1451 1452 1453 583
1421 1454 1455 1456 1457 137 342 521 1458 201 1459 1460 1461 465 260 1462 1463 744
1239 342 1464 1465 1466 1283 1467 1468 1469 6 1470
1416 6 583 137 1460 465 171
137 1471 1257 1472 1473 1474 1475 149 1476 1477 603
206 535 1478 257 137 348 1241 465 1479 177 1222 1480 1481 1418
171 1284 1482 535 1483 211 175 1007
1484 342 1485 212 178 37 1483 651 1343 210 71 1486 1420 514
1487 1488 1241 1489 137 102 1490 358
1491 1297 1492 535 178 669 173 1493 1349 42 214 105 177 192
177 121 1494 371 1416 1492 1495 1496
257 1497 1416 582 120 1498 181 137 206 1499 1500 1501 1502 1503 1504 210 1505 1419 1506
919 1507 1508 1509 105 257 1416 582 1510 1511 1512 1513 1321 293 511
1509 105 1511 87 1514 535 1515 1516 177 1421 1517 1518 849 1424
1519 1520 1521 1522 1523 1524 1279 1361
688 291 95 142 1502 178
204 291 178 1525 1526 177 1497 1527 257 1416 582
183 1493 105 535 611 1528 194
1529 257 1530 1416 582 1065 1361
327 1415 1485 173 177 257 183 1478 1485 1481
1527 257 1416 582 181 137 181 257 1531 1532 1424 1533 1534 178
291 204 1509 105 1424 1519 27 105 1290 590
1507 27 132 1417 1535
33 1536 1537 351 1538 257 1539 17 1540
1222 257 1530 1416 582 1349 174 215 1529
327 211 1541 1542 1543 257 425 1544
1509 105 1545 257 1416 582 1546 1547 1548 327 211 207 1549 1550 1360
1551 363 108 109 1502 114 1552 86
80 81 82 83 116 1553 60 1553 367 27 1554 512 270
538 27 743 248 172 1555 1556
322 408 232 60 367
80 105 83 25 1376 6 83 84 85 77 78 270
1557 120 1558 350 80 1559 105 83 1056 1560 946 1561
327 174 350 27 1562 1089 1563 1564 80 1565 171 181 83 84 85 123 1566 1567 1568 1569
80 1570 112 1571 87 70 1572 1573 83 84 85 1574 663
105 83 1575 1552 443 6 111 1576 1577 1578 1579 121 102 270
1580 1575 1581 647 1582 1583 1584 102
80 105 83 25 77 78 1585 6 270
86 1586 647 1587 105 543 1036 83
223 1588 1372 1589 1590 1591 1074 1592 137 682
173 1593 1594 342 417 327 183 1595 295 373 167 192
97 1596 30 30 32
1597 387 896 1598 1599 1600 1601 1602 1600 1603 1528 1604 1605 1606 1607 72 1427 291 1608
1609 1610 281 191 1454 1611 1064 1612 1613
1614 1615 6 1616 1045 1617 1618 1385 1619
1620 1621 239 1622 745 1623 1624 1625 477 1626 1020 1627 1209 1628 1629 1630 236 1631 1632 1633 1634
1635 1636 281 1637 1615 354 351 352 1610 1638 188 320 1639 174 178
1640 1641 1642 988 1643 6 1644
1645 1646 1647 516 1648 635 419 940
41 1041 120 1649 1650 1651 1341 1652 1653 1654 204 1655
104 1656 1597 154 1657 1658 669 1650 1659 1660 1658 1661
1662 1563 1498 1041 1222 1663 1664 1665 1666 1667 1668 1669 666 1670 1671 1672 112 647 387 1671 724 1673 1674 143 45 1666 508 1675 1676 1677 1678
1257 203 659 1041 206 1679 371 103 1680 1681 684 1682
41 1448 1297 1683 1684 1685 1349 1686 103 1680 1687 137 131 296 1688 1689 1690 1691 1692 1693 1694 888 1203 1695 1329 1696 342 1697 661 1698 1688 1699
738 1350 1700 102 1701 387 1194 653 1702 653 1702 1703 1704 65 1705 738 1706 465
1707 1690 1708 1709 1710 1711
1311 103 1712 1713 1714 1715 1716 1563 562 1717 1716 1563 1718 103 1109 1719
1720 1721 1722 1723 283 1724 1702 1220 1725 899
1726 1727 55 1728 171 631 181 89 137 943 1702 1720 303
1729 1656 1597 154 1657 1041 181 65 1650 1730 184 364 1655 1658 669 1731 1660 1658 1732
108 109 123 80 81 82 83 84 85 105 1733 371 84 96 587 1734 83 1735 79 1736 364 41 121 1737
1738 84 291 1739 137 166 83 348 172 1740 102 1741
79 1736 1742 350 506 1743
105 83 87 102 1744 1745 1224 1571 580 1746 973 1747 1748 6 108 109
887 888 1749 1750 767 1751 841 1752
172 1753 99 1754 152
1755 99 100 1097 1756
99 976 1757 137 1758
83 116 77 386 1759 296 1760 1761 1762 711 77 1763
83 116 240 88 576 86 112 1764 87 1765 1766 87 1505 1767 1768
6 1769 704 654 1770 1771
1772 1773 1173 1173 1774
1460 1241 174 1775 906 1241 465 1776 1702
1777 1778 1607 1779
1777 1778 1780 1781 1769 1782
1783 303 1784 943 109 1785 1786
1787 1788 236 1789 97 1788 236 33 236 291 236 538 124 463 43 1790 1791 1321 1222
1792 72 327 342 105 180 84 85 1793 1794
1161 1795 33 1222 33 1796 43 175 1797
1798 1604 1799 1693 1040 1800 1801 1802 669 1803 987 1604 1804 6 183 171
953 1805 1806 957 1807 1808 1809
1810 1811 1812 1813 1814 1197
257 303 1815 1112 1816
1817 1818 1819 837 1820 1821 1629
1822 1823 1470 1824 1825 1826
1827 1828 1829 958 1830 1629 1831
1832 945 1833 1340 1834 1835 1836 926
1837 137 1838 1297 798 1839
1840 1841 1842 1843 1844 1845 1846 1847 291 886 291 1848 1849 1850 1851 384 1061 794 1486
1811 199 103 1852 1853 137 1854 558 465 1855
183 535 1811 1856 1112 1857 167 1838
206 1813 756 874 1858 1859 1857
1860 1861 1862 1781 1863 1864
137 1042 1865 1866 1867 43 1868 210 1869
137 1042 1865 1866 1867 43 1868 210 1869
1811 1870 615 1871
1558 1872 1873 1874 5 1875 1876
1877 1427 1878 1112 1608 1879 1880
1881 1882 1036 1002 943
1883 1594 1884 1885 1886
1050 132 1887 1888 1794 232 1781 1805 1889
487 371 1890 1891 1892 1893 1800 1091 1889 1670 102
236 1810 1414 1519 1707 1894
1887 1895 367 1728 1896 1897 1898 843 509
1899 1900 583 1901
1340 1834 1894 1902 1903 1904 1905 1906
1887 1907 1868 1257 1908 1909 1910 1911 1912 1396 1149 257 1913 1914 1915 749 798 291 236 5
42 20 1887 1916 1917 1918 1919 1920 793 1619
1921 1907 756 1814 1922 1910 1911 1912
1918 376 283 291 236 1923 1924 1925 1926 1927
606 1149 1928 1929
257 291 1916 1930 1931 1932 1933 1619 137 1918 465
1934 42 137 1916 1375 1935 1831 1936 6 1918
793 279 1146 793 1937 1938 102
1939 538 1918 1940 1941 1149 165 1257
103 1162 1942 1943
1303 1944 1869 1945 279 1946
291 606 296 1947 1920 793 279 68 793 1948 1619
1303 1944 1869 1945 279 1946
291 606 296 1947 1920 793 279 68 793 1948 1619
1758 399 1910 1911 1912 1914 477 725
1949 906 675 1950 1951 817
465 1952 109 1953 1954 708 1955 1956
193 1957 1912 1958 1002 1959 1960
1961 1962 306 1963 1964 342 306 1965 1959 306
6 1916 1966 1916 664 1967
1968 957 1969 1970
1971 1972 1910 1911 1973 482 793 1149 1913
1974 499 291 236 1839 1867 338 301 1975 1839 1976 551
1977 1978 1839 291 236 1979 291 236 822 635
1980 1981 373 1982 1983 1057
1984 1985 1986 1987 236
1 1988 1989 1990 291 102
1839 236 1991 302 236 102
1839 1992 984 1867 1993 1936 568 1994 1995 306 1181
1867 1996 1974 1867 37 617 1997 1145 1998 1999 371
257 1867 306 617 1998 25 664 1867
2000 306 1839 2001
2002 225 2003 779 2004 2005 787 596 102
2006 2007 259 2008
538 2009 236 236
2009 2010 789 446 1538 256
1839 2011
2012 2013 984 236 463 236 2010
318 6 1839
1869 875 617 690 2014 2015 2016 309
225 919 17 930 501 294 1161 2017 377 2018
137 2019 111 1839 326 291 236 571 2020 530 875 2021 2022 2023 2024 1053 291 236 875
87 404 2025 318
2026 530 227 2027 371 2028 2029 2030 2031 2032 2033 2034 530 137 919 371 2035
2036 2037 2023 236 425
816 2038 6 342 2039 2040 2041
1945 2042 2043 1300 1082 2044 2045 2046 2047 2045 2046 2048 1839 2049 1999 2050
0 2050 1839 338 2042 2043 798
2051 342 2052 1341 2053 174 2054 2055 45 1769 303 102
2056 2057 2050 2058 2059 1118
137 1042 1919 1340 1834 465 1868 1867 2060 1575 117 118 2061 2062
2061 1340 1834 1390 530 1839
1181 2063 798 1519 279 371 1202 245 2064
2064 181 342 2065 1728 2066 534 2067 1608
1340 1834 102 551 2068 2069 1393
1340 1834 2051 1323 194 2070 1887 341
1869 875 617 690 2014 2015 2016 309
2071 301 137 1076 232
2072 2045 2073 327 181 257 1416 582
1222 173 2074 37 2075 102
1545 338 2076 1482 1488 2077
2078 1096 530 2079 204 1421 279 2080 43 999 2081 249
137 1066 2082 1302
298 2083 2084 6 1985 2085
137 2086 102 322 1450 355
1985 1439 2030 2087 341 338
279 2088 2089 2090 560
2091 331 443 201 102
1424 1557 177 2092 206 1805 102
327 181 257 1416 582 2093
2080 371 2094
2095 102 2096 178 582 291
2097 2098 2077 2099 2100 2101 2102 2103 2104 993 2101 2105 2106
2107 2108 512 2109 2110 102 2111
2112 2113 2114 232 2115 2116 2111 1437
2117 2095 201 2077 2111
2118 2119 2103 535 2120 2054
358 2077 1985 2077 583 2121 2122
2095 2123 535 215 544 2124 206 204 535 2125
1435 2126 2127 207
58 2077 2074 204 1360 206 2128 2075 1354
1576 2129 203 2130
2131 2132
1644 2133 58 2077 338 232 2134 121
2135 58 2076 2136 718 2137 2138 2077
2080 1129 2139 6 2133
1787 2080 105 1416 2140 2141 2142
2108 2143 1184 1542 2144 204 2145
2108 583 208 2 2146 2147 546
2148 2077 2108 232 1435 2077 2112 2108 1542 2149 264 2150 2112 1435 2077 2151
137 2152 2153 2154 1878 2155 1594 2112 1110 2156 2157 669
2158 204 201 2093 2159 206 535 2093 42
1545 2160 177 68 2077 530
1545 2161 2162
2117 2095 2100 1239
6 1142 2163 2164 2165 1633
2166 2167 2168 207 338
2169 2170 1593 2171 512 506
1682 338 1059 927 870 2172 2173 1446
1424 371 1343 2092 2174 2075
201 204 206 1392 490 2175 206 1450 1482 56
2092 535 206 6 137 1241 204
203 1450 201 342 535 1482 2176 2177
2178 2179 688 2180
1142 2181 1659 1660 633 2182 1862 2183 669 9 137 2095 178 199
173 722 2080 1926 2184 2075 5
2185 9 137 2095 2186 2181 257 2187 2188 85 194
2189 332 2190 2191 799 279 633 2192 2193 1502
291 301 338 6 638 1545 177
2100 2194 2095 2077 817 2195 1285 180 241 137 583
1482 847 2196 97 2077 544
2197 1482 2198 2199
2200 2201 2202 1545 535
298 212 1450 2129 338 546 204 1450 58 2142 2095 2203 2204 102 2205 2077 2206 58 338 199 102
173 2207 2080 1926 2208 204 1450 2174 2075 338 207 212 1450 2092 2178 2209
327 181 257 1416 582 1421 2131 2132 42
58 338 2076 1424 2077 2210 257 1416 582 2077 201 2077 1545 1546 2211
1488 2212
2131 2132 2077 2131 2132 102
2212 1545 2161 2162
327 1297 2213 2077 177 1421 2214 1742
1488 137 1450 1488
2117 2095 411 2161
2215 1122 2133 2216 2217 2218 2172 2219 2220
2161 42 2100 2221 2222 6
257 1416 582 2077 371 303 2111 2223 1364
2224 309 2225 2226
2077 606 762 2077 817 2095 303 1414 1919 793 2227 186
2120 2228 2229 1545 1450 2230
2075 1285 2077 2231 2132 201 173
2232 707 2095 2075 58 291 102 257 2233 338
178 669 1454 37 860 2234 2235 2236 42 465 2237 2238
2236 565 494 1391 2239 2240 2060 555 2241 2242
1241 1173 2233 338 2077 348 1241 37 58 2077 1454 2243 1241 2095 2244
2245 1991
97 550 2246 831 2236 440 270
2247 576 2248 72 2249
2236 2250 174 2073 2251 102
1545 638 338 1575 140 2252 350 2248 72 2207
2253 2254 2255 2256 2257 669 2258 2259 2260 2183 669
2261 2079 178 669 2095 692
482 2236 236 487
373 2236 487 2262 107 2263
465 2237 2238 487 257 487 273
260 225 530 102 225 1082 2075 178
2264 178 2207 1632 1486
2265 530 207 417 215 2266
373 2236 2207 6 274 272
465 2237 2238 43 487 2254 97 2267 2268 2255 2256 2257 669
465 2237 2269 1247 2270 2271 2272 97 2273 2274 2275 291 137 498 2276
465 2237 2238 2277 2278 2279 1957 2280 37 2281 2282 1702 2236 2283
2284 2285 1036 2286 2236 206 2287 2288 2289 2290 1495
1939 2291 2292 2293 2294 1885 2295 617 2296
936 720 817 227 383 2233 1587
2017 500 2297 2298 2299 615 1362 2300
2301 2302 327 2303 2304 1156 2305 2306
247 2307 2035 2301 1257 2247 2308
2309 2310 2299 2311 2312
247 2254 2313 1018 1224 2299 2017 1018 2314
2017 2247 2315 247 17 1145 596 2299 1728 2017 236 2316
2313 1146 2317 2318 156 2319 1362 2320 2321
247 2322 2301 817 1257 2323 2324
1593 236 2325 236 2326 1113 888 2327 2328 2266 2329 2330
2331 666 2332 2333 2299 615 65 2334 1237 615 1362 2300
2301 1257 2335 817 2336 1909 2325 247 2017 2337 174 1148 2338 1264 2301 84 85 798 6
2303 2301 2302 2339 2340 2 2341 1043
2342 149 2343 2339 2344
2345 2346 2347 1913 5 2348
2017 2349 498 0 911 2350
1105 1042 2256 2351 2352 820 1735 572 257
2345 1890 2353 2354 2355 2339 2356
9 2357 2358 417 2344 63
817 2359 2301 2335 415 322
2017 2301 2302 17 2360 2361 2342 45 1257
2362 2363 487 617 618 509 2299 1129 2364 2365
1883 577 1812 1341 2366 669 2367 2368 699
2301 1851 1839 2337 1812 17 2360 102
137 17 102 2369 2266 2370 1018 2371 2372 432
291 2373 2374 361 85 2375 1919 2376 2377 1560 2378 306 2379 886 2380 2373 2374 85 2375 1734 1936 290
1798 2381 2375 1919 1004 2382 2383
277 278 279 280 281 41 282 283 117 284 285 286 287 288 289 290
291 292 199 293 294 236 184 295 296 297 298
287 288 289 282 1065 2384 1334 1641 1690 2385 2386 2387 174 175 2388 287 288 2389 284
2390 428 2391 68 37 919 236 2206 2392
2393 2394 2224 190 184 191 401 1241 906 253 194
1091 2251 1150 500 249 291 1553 2395 1337 562 225 1219
2396 1144 199 1018 2397 236 1714 1900 278 496 2398 26 2399 257 137 2400 2401 2402 2403 199 121 2404 2402 1715 91
291 2401 2405 2406 2407 143 2397 2401 606 2408 2396 1714 606 85 2249
2396 2309 892 1170 1150 240 1053 342 798 91 102 291 121 228 2409
41 1448 120 1222 2410 2411 2412 1693 2413 2414 2045 112 2415 2416 342 2417 2418 2419 2420 1668 1669 1303 2421 174 1372 87 2422 131 296 2423 2424 1563 2420 174 2054 2055 45 676
2418 2425 1852 2426 342 1833 1965 2427 2423 1563 2428
2411 1194 2423 1563 2429 2430 2431 2432 2414 2045 2433
41 1041 1297 65 2434 2019 2435 1803 1356 2436 734 2437 2438 2436 2439 1467 2440 2441 1018 2442 2443 2444 60 2439 809
2445 2439 2446 2447 2448 2440 2449 2450 2451
41 2329 137 2452 1356 95 2436 1502 2453 2454 1202
1598 2455 2456 2457 2458 2459 97 2372 171 888 2330
120 1194 2460 2461 1371 2462 2463 1805 2464 97 342 2465 2466 137 1505 465 2467
2468 2469 156 206 1041 201 1303 2470 1260 2471 1162 211 1305
1576 2472 2473 1864 2473 2474 374 121 2472 798 2475
17 411 17 577 2472 577 1641 294 2476 2477 1167 2478
2479 2473 1870 2154 2480 1795 2481 2482 1812 2483 2484 660 17 2485 987 2486 137 342 2487
173 2488 131 201 204 1091 2407 2489
2490 219 2491 2492 870 463 147 306 1203 2493 2494 371 463 147 219
476 428 720 936 387 522 262 342 2488 2490 371 2490 807 251
2495 790 2496 2497 364 2488 131 2498 2499 364 2490 2500 102 2501 2502 2494
2503 2504 2505 2506 6 2488 870 187 2507 2508 2509
476 428 360 2510 864 2502 324 2498 2511 2512 2506 2513 2501
2514 2495 2515 2516 2517 820 766 2493 2501
2514 2495 870 2493 861 512 2488 131 2498 426 2490 2500
173 2488 131 201 204 1091 2407 2489
2490 219 2491 2492 870 463 147 306 1203 2493 2494 371 463 147 219
886 282 419 360 240 282 229 296 875 2518 751 2519 2135 1139 711 350 1747 6 1728 2520 102 342 1048 2489 886 1936
1936 320 875 2518 807 282 2489 2518 1735 137 1758 42 2521 2522
417 2 874 2523 2132 1488
103 2524 2518 2525 2526 762 1993 2527 85 2518 2528 787
2529 2530 1065 1499 2531 2524 2518 2532 2533 240 113 1872 875 2534 807 583
2535 2536 561 1159 2537 318 240 217 891
217 2538 70 564
535 75 371 2309 2539 45 303 1204 6 35 1913
33 40 57 54 2540 603 33 34 35 36 37 38 2541 1241 33 577 137 2329 33 40 2542 67
57 54 2543 599 2544 2545
38 2541 1241 41 61 2329 33 40 64 54 47 48 2546
1877 2547 1877 664 2548 2549
342 807 525 57 312 306
1454 375 401 2550 303 560 137 2551 1937 183 2552 6
354 539 401 102
401 807 375 346 1454 348 401 1241
2553 401 538 512 2554
340 2555 1454 336 2556
374 270 464 2557 2558 182 401
525 362 102 2559
267 2560 269 85 268 269 37 270 525 2561 2562
2563 2564 2565 843
413 2566 401 257 2567 291 339 2568 37
401 57 102 2378 2569 539 843
813 291 2109 371 373 2565 1114
1938 182 102 2570 182 582
460 2571 113 634 2572 682 2573 85 137 634 2574 242 484 2575 557 97 367 368 446 514 2576 2577 4 2578 84 743 2579 53 2580 2581 84 743 141 1976
2582 1385 2583 1530 43 2584 102 1444 121
2585 2586 1048 183 886 1219 870 178
1022 1011 992 85 2587 177 2588 2589 2590 870 741
2026 530 2591 2592 2593 2525 2594 999 2595 2229 2596 2597 2598 1003 1011
2599 2600 2601 2602 480 750 2603 137 2604 2605 2606 969 970 2607 2608 1249
2360 2609 2610 72 2611 2612 617 992 2613 1392 24 72
2614 2615 2616 1022 1715 1714 1715 2617 2618 2619 1947 1011 2620
2621 2622 530 2623 2205 2624 2625 17 184 1219 2626 2627
1022 2628 2629 2624 2598 2630
2631 2632 2633 2634 2635 2636 1012 2637 2638 2639 2640
2641 598 1129 1988 2642 204 1011
401 2550 721 644 166 2533 2643 2644 2645 2390 118 2646 102
2647 531 191 1297 721 2648 342 2649 2650 2045
465 2550 2649 2651 2650 174 2550 1222 1222 2550 174 171 2550 2652 2650
2646 807 1454 2653 2654 2650 2045 861 721 236 2655
37 1082 63 2656 2657 2658 465 162 2659 102 342
2656 2657 419 173 2660 97 609 361 733 293 2263 2661 530 2657
2658 2662 2657 118 2663 2664 1198 162 870 2657 816 817 2665 85
68 2659 162 131 291 870 2060 131 2249 65 2666 2656 2657 2667 2263
2657 2656 2657 118 820 1544 2668 2656 2669 163
450 1936 296 2670 2671 713 1061 2672 1570 403 102 386 387 2670 342 1936 296 2673 1991 2672 2654 750 2674
327 1349 199 227 2675 2676 137 600 2677
937 402 1552 227 383 2678 2275 768 42 577 219 306
92 310 233 2679 514 2680
2681 697 2682 2683 462 463 2684 948 219 220 6 2379
856 2685 291 227 2686 561
647 757 775 256 2687 2688
538 511 6 1359 2689 723 227
2690 814 843 987 225 227 2691 291 227 257 272 2692 697 241
270 332
2693 332 219 2351 303
137 342 89 2452 2694 948 2695 2696 723 2697 2698
700 2699 2700 2701 2702 2703 2704 2705 428 2706
2705 557 2707 2256 2693 2701 332 2693 567 2693 2708 102
92 2709 769 2710 2711 2712
219 220 2713 259 2690 2714 642 245 944 2715 92
306 2716 218
336 1551 218 174 346 167 544
33 34 35 36 37 39 33 40 137 2717 38 2542 1962 57 54 2383 2718 2719 588
371 33 577 2720 2721 2244 350 2306 6
37 218 598 1145 2313 2189 2722 2189 385 6 811
2723 87 199 662 684 2724 2725 87 2726 637 2727 2728 87 2726 463 2568 91 2528 340 973
294 756 162 61 1041 87 2726 61 2452 758 40 2729 2730 2731 2573 417
87 2726 2732 2733 54 1495 2518 97 54 1188 2282 2734
2735 577 2736 236 1145 41 62 2737 2738 174 2739 696 2740
2741 50 2739 696 445 2742 2743 2744 52 2532 267 2745 40 2739 705 102
2736 236 1145 2746 2741 2371 342 2747 137 2019 2739 2748 102
634 2749 2558 320 2750 2751 201 2558 2752
2753 2754 42 20 47 342 2427
47 2755 2756 2757 57 2758 537 513 514 433 2753 2759
2472 682 683 637 43 2760 290 67 2761
87 662 2762 177 87 666 482 477 87 2726 400 2762 683 2763 102 1376
2672 2764 137 1043 1259 2765 342 102
2766 1798 1259 1568 2767 158 2489 192 2768 461
173 2472 2769 2770 817 2771 1668 1043 2772 91 2773 1801 2774 1719
2775 1702 1123 2776 2777 2776 291 880
2452 926 2778 2779 2780 1146 131
219 217 217 92 2781
791 2710 2782 647 2783 333 270 2784 614
230 864 544 2785 864 2786 6 2787
2788 2789 2790 1166 296 2791 1166 296 2790 2792
173 2793 2794 283 2795 2796 2797 2798 2799 2800 291 2801 2776
2802 2803 2804 2805 2796 2445 2802 2806 1541
219 220 2807 6 2808 137 345 217 1936 85 2809 227 521 304 219
2810 2811 2391 2812
2813 2814 1198 162 870 1552 2815 2816 821 2817 2807
538 2818 1985 145 2635
1002 1702 2819 1397 2820 6 2821
2822 2823 2824
271 2825 2826 2827
2828 2806 2829 2827 2658 2830 2831 2832 102 2833 2834 2045
2835 2836
2837 816 936 2793 2838 2323 2654 236 341 306
2837 816 664 341 930
818 2563 2839 2563 521 371 936
2840 669 257 999 2603 2841 2837 816 387 745 2827 2842 2374 2843 2844 2845
2846 839 291 780 2620 342
2843 2847 306 546 2848 306
137 1985 233 908 102
1985 303 233 2849 561 322 514
2850 2106 835 1036
2851 2852 1376 1913 2853 2521 2854
538 2837 816 303 2827 518 2837 2837
1913 1397 273
1985 167 358 1985 167
1129 2827 2842 2374 1129 2855 1129 102 1129 1393 2856 236 2034 287 2856
1129 1393 291 236 2857 664
2858 1397 2859 1200 1181 980 2860
2861 791 664 2837 816 2827
2621 2622 530 2625 42 184 1952 2862 2863 2864 2624
68 2626 2624 1871 2865 2464 145
322 102 291 2548 2866 2628 2867
1499 2868 2616 301 2869 1714 1715 183 215 204 209 2870 1048 2871 2624 2872 1011 178 102
2873 2874 704 2875 5 2876 908
2622 530 2624 2877 2878 1311 2879 2624 2880 2622 2881 2817
2882 664 1099 6 1958 2883 2884 306 1958
2624 2878 2885 171 2886 1966 2887 957 2888 2889
2879 2882 1609 223 521 1964
2890 2886 2882 2891 1091 509
2624 2622 2881 2892 2878 2113 405 2893 2894 2895 2893 2896
2624 2185 2897 2898 1470 2899 2624 1734 270
1334 2900 2901 2902 2903 2904 1852 2905 2906 2907 2908
1390 530 408 1040 2909
2051 2445 1334 2910 435 2911 2912 2796
888 2913 2903 870 2914 2905 2915 296 442 2916 1203 2917 1766 321 544
329 463 2560 121 2909 1574 2909 749 913
1303 2918 1303 2919 1816 2920 2921
1303 42 43 1667 2922 2923 2924
2924 260 2925
327 1349 2926 2073 2927
2928 2776 6 2929 2930 2931 2932
1519 2933 2934 201 257 2935 67 2936 2937 2938 211 212 1561
1445 291 1446 72 1447 1444 853 177 137 1452 1453 2939 2045 210 2940 2941 2145 1343 1300 1449 1450 355 1456 1457 206 2942 201 208 1423 1421
1456 1457 174 2943 2944 1435 2945 2946 2947 129 2125
342 2945 2946 2947 2948 544 342 2943 520 1697 1173 544 174 2949 55 2945 1635 129
1465 465 2950 171 1269 342 2951 2699 2804 1269 2952 2267 342 1561
2953 2954 2955 2956 465 2957
2958 2959 993 2960 6 465 208 2940 30 2961 1222 2940 465 1292
201 208 1279 1456 1457 2962 993 2963
199 1787 465 1416 726 2964 1028 174 1015 41
465 129 2965 2655 2030 6 993
137 1471 1596 1545 342 2940 30 1285 342 2966 1919 2967 901 514 1416
2821 1471 2968 446 342 2969
2970 2971 1476 2943 174 2972 2973
2943 2974 2389 1416 129
208 1279 1091 2962 993 2975 2976 1463 1471 692 2977 999
2978 852 2979 210 2980 37 129 898 149 306 1540 2981
1545 425 2982 478 2983 544
465 2984 573 2985 2986 2987 137 2988 1769 2052 1341 1785 2989
1222 1683 2984 2990 2948 544 2991 2992
2961 1462 204 1869 183 1683 506 2993
1435 1385 137 2994 482 603
1545 1421 1683 2995 279 342 174 2996 2997 2940 425 1544 1385 1416 2940 30 137 1517 2998
1385 137 129 1683 2995 279 201 535 544 120 342 478 2940 425 203 2999 1544 2992 342
465 573 2985 535 2071 544 2993 342 1683 2995 279 535 2982 544 3000
1340 719 906 204 2114 207 2114 573 3001 3002
215 215 1437 573 3002 1438 46 603 2125
2108 906 3003 3004 3005 1322 2993
3006 1460 206 3007 3008 3009 2049 3010 3002 3011 544 3012 3013 2969
906 3003 358 1295 201 3002
206 477 154 1426 906 203 1437 210 3014 2114 3015 3016 3017 2993 3002
1423 1437 3018 207 3019 1437 3018 2125
906 3020 3003 3021 3002 3022
201 987 1526 3003 1703 3023 3024 3021 3002 358 3023 2125
3025 3026 3027 199 1257 906 201 3028 43 1434 46 355 3002 1031
304 1124 1438 204 3002 3029 465 2571
3030 201 2125 53 1460 205 3031 3032 1432 3023 278 3002
1359 1421 1454 3033 3034 3035 3036 1341 3037 3038 2355 201 212 56
1279 477 154 1426 3039 1426 2993 1545 212 3040
3034 3035 3036 1341 3005 3041 908 358 3042
206 535 2176 2942 3005 3037 2604 3043 3044 181
3045 3046 3047 3032 2528 3048
1437 1438 3021 4 3036 1341 3005 3049 3002 306 2146 102
3050 67 2448 3051 3052 3053 973 194 2992 861
682 342 3052 3054 3055 3056 3057 3058 465 3059 3060 9 465 3059 3061 358 3062 973
3052 143 1437 3063 3064 2114 3065 3066
3067 3068 3069
201 1091 3070 3071 3067 137 3070 840 85 3072 3073
3068 3074 3057 1168 1995 580 3067
477 154 1426 3075 149 3032 46
199 3076 3007 3014 535 2125 1460
1460 2147 851 3077 861 3078 3079 3080 46 2992
1413 886 1414 1415 1416 582 342 103 3081 142 143 342 1241 1419 1420 327 1421 3082 2524 291 3083 1416 582 1414 1421 1687 2902 3084 3085 473
1414 1421 1422 643 535 3086 1241 3087 1379 3088 2355
3089 3090 1460 3091 1428 28 3092 797 1785 3010
906 535 3091 1428 3093 1295 167 201 204 3094 2176
1339 2448 1440 3095 3023 2603 3010 3096
3097 3098 3099 1720 180 46 2176 2071 3100 3101
137 225 3102 2104 1416 582 177 1222 137 3103 3104 1343 3105 204 1420
1478 41 886 1390 1416 582 1222 342 3106 103 2616 142 143 1482 201 1420 3107 3108 896 1447 1241 3105 1241 1539 1421 102
3107 3075 1124 3077 3109 3032 3110 207 3002 3111 906 3112 201 3002 2211
3108 212 3113 1459 3043 3114 515 3115 1460 206 3002
906 213 201 3002 3109 1322 46 206 3002 1385
1460 3116 2146 3007 3107 3117 3027 2147 201 3002 3111 968
1460 211 1437 3118 46 3119 3120 1438 1450 3002
3121 3043 212 201 3002
1385 3122 6 906 2267 478 3123 2146
3124 291 1392 1416 582 342 1499 1499 1418
1519 886 1414 3125 177 465 3089 3126 3095 757 1414 1450 327 1517 3127 2319 3128 3129
3084 3085 2743 1431 2383 1687 2902 46 756 3130 3131 3132 201 1542 1173
3133 2155 71 3134 2984 3135 3136
46 1437 1438 137 3137 3138 3139 1432 46 1031
987 3140 3141 3142 2223 1482 2045
3143 3144 1421 1397 3145 3146
919 236 1416 46 1416 3147 222
1415 3148 3149 3150 291 1416 582 177 1482 137 103 2616 142 143 3151 3152 3145 906 3153 201 1442 201 1334 3154 724 537 2942 204 1421
3145 906 201 3153 3010 1442 3029 3155 3153 2146 3156 3157 1420
1460 2948 3026 3145 906 1339 2552 3158 3010 2045
3145 906 3155 1430 1278 1334 3153 2045
3145 1460 3159 1420 3160 3161 906 201 1434 3010 2045
3029 358 3162 1173 6 3142 1442
3107 3108 2541 2680 3111 1385 338 830
3163 3164 3165 1439 3032 3110 318
3111 854 2664 3166 2822 2956 515 3111 3167
3108 3113 1459 3168 1748 514 3169
1385 201 204 3047 1173 3041
1385 3027 201 2856 1438 3170 3171 2984 1054
906 213 3021 3002 1278 1385 3109 1322 46 1031 3112
3004 206 3002 926
1985 3172 3173 3174 2657 6
1567 2786 371 3175 3174
1936 3176 1755 2657 2666 68 1222 2666 3177 2666 68 1222 2666 3178 2666 1568 3179 2666 530 3180 461
3181 3182 2657 2334 2830 6 118 342 465 2334 3181 461
3183 97 3184 2356 1077 3185 3186 646 197 3187 700 741
3188 524 3189 3190 197 3191 3192 3193 524 700
3194 512 3195 3196 524 2563 1222
3183 197 3197 42 197 3198 3199 3200
700 3200 1493 942 2490 3195 1297
3189 3183 518 3201 3202 3203 3204 3205 3199 3206 3189 3199
197 233 227 95 2587 3207 3208 3209
1115 3190 197 3210 3211 3212 3213 3214 3215 606 817
3190 197 741 3216 257 3217 521 3218 3200 700 1339
291 183 174 3219 1150 2034 311 162 3220 524 124 97 3221 3222 3223 886 601 174 601 3190 197 2658 700 798
3224 3225 3226 3227 270
3228 3229 1233 68 257 102 2001 3230
194 3231 1980 236 3232 2764 342 1041
2361 3233 3161 1105 3234 2768
3235 1563 3236 1854 132 1129 1667 3237 3238 3239 3240 306
3241 3242 3243 3244 1241 2668 342 99 3245 146 67
342 1448 465 3246 103 1712 3247 1693 174 3248 1000 3249 1134 3250 45 3251 3252 3253 6 3046 3254 3255 1896
1287 666 1194 113 3256 1167 3257 1091 3258 342 1808 3259
1683 3063 120 3260 327 1297 3261 80 1683 3262 1185 2491 3263 3264 167 2911 1547 1018 3265 1702 3266 102 342
3267 1061 327 171 3268 403 3063 120 3260 3261 6 1297 120 3269 3270 1728 62 342
3270 171 1727 3271 3272 1002 6 1194 1515 3273 1096 3261 3274 677 1997
1185 2491 3265 1702 3267 403 3275 3276 795 3265 1702 3267 1575 3277 102
1664 103 3278 592 2422 137 3279 768 3280 1662 113 342
1787 3281 1202 103 1391 2722 3282 3283 3284 3285 1727 3286 3287 2453
137 1448 1222 3288 896 184 1655 3289 3290 1654 206 425
